Int[b] [*] :=
  1  0            33 20            65 20            97  0
  2  0            34  0            66 20            98 20
  3 20            35 20            67  0            99  2.32558
  4  0            36  0.0207391    68  0           100  0
  5 20            37  0            69 20           101 20
  6  0            38  0.0120878    70  0           102  0
  7  0            39 20            71  0           103  0
  8  0            40  0            72 20           104 20
  9 20            41 20            73  0           105  0
 10  0            42  0            74  0           106  0
 11 20            43  0            75 20           107 20
 12  0            44  0.889381     76  1.81324     108  0
 13  0            45 20            77 20           109  0
 14  0.878709     46  0            78 20           110  0
 15 20            47 20            79  0           111  1.55455
 16  0            48  0            80  0           112  0
 17 20            49  0.036036     81 20           113 20
 18  0.0237035    50  0            82  0           114 20
 19  0            51 20            83 20           115  0
 20  0            52  0            84 20           116 20
 21 20            53 20            85  0           117  0
 22  0            54  0.863392     86  0           118  0
 23 20            55  0            87 20           119 20
 24  0.851745     56  0            88  0           120 20
 25  0            57 20            89 20           121  0
 26  0            58  0            90 20           122 20
 27 20            59 20            91  0           123  0
 28  0            60  0            92  2.32558     124  0
 29 20            61  0.853431     93 20           125 20
 30  0.881171     62  0            94  0           126 20
 31  0            63 20            95  0
 32  0.0112089    64  0            96 20
;

