Int[b] [*] :=
  1   0           33 120           65   0           97   0
  2   0           34   0           66   0           98   0
  3   0           35 120           67   0           99   0
  4   0           36   0           68   0          100   0
  5   0           37   0           69   0          101 120
  6   0           38   0           70   0          102   0
  7   0           39   0           71   0          103   0
  8   0           40   0           72   0          104   0
  9   0           41   0           73   0          105   0
 10   0           42   0           74   0          106   0
 11   0           43   0           75   0          107   0
 12   0           44   0           76   2.66667    108   0
 13   0           45 120           77   0          109   0
 14   0           46   0           78   0          110   0
 15   0           47   0           79   0          111   0
 16   0           48   0           80   0          112   0
 17   0           49   0.036036    81   0          113   0
 18   0           50   0           82   0          114   0
 19   0           51 120           83   0          115   0
 20   0           52   0           84   0          116   0
 21 120           53 120           85   0          117   0
 22   0           54   0           86   0          118   0
 23 120           55   0           87   0          119   0
 24   0           56   0           88   0          120   0
 25   0           57   0           89  57.2973     121   0
 26   0           58   0           90   0          122   0
 27 120           59 120           91   0          123   0
 28   0           60   0           92   0          124   0
 29 120           61   0           93 120          125   0
 30   0           62   0           94   0          126   0
 31   0           63   0           95   0
 32   0           64   0           96   0
;

