Int[b] [*] :=
  1  0           27 49           53 49           79  0          105  0
  2  0           28  0           54  0           80  0          106  0
  3  0           29 80           55  0           81 63          107 65
  4  0           30  0           56  0           82  0          108  0
  5  0           31  0           57 90           83 91          109  0
  6  0           32  0           58  0           84 14          110  0
  7  0           33 54           59 31           85  0          111  0
  8  0           34  0           60  0           86  0          112  0
  9 64           35 16           61  0           87 49          113 42
 10  0           36  0           62  0           88  0          114  0
 11  0           37  0           63 48           89 66          115  0
 12  0           38  0           64  0           90 60          116  0
 13  0           39 38           65 82           91  0          117  0
 14  0           40  0           66  0           92  0          118  0
 15 18           41 29           67  0           93 11          119 38
 16  0           42  0           68  0           94  0          120  0
 17 71           43  0           69  0           95  0          121  0
 18  0           44  0           70  0           96 82          122  0
 19  0           45 76           71  0           97  0          123  0
 20  0           46  0           72 64           98 28          124  0
 21 10           47 98           73  0           99  2.32558    125 55
 22  0           48  0           74  0          100  0          126  0
 23 72           49  0.036036    75 72.9717     101 76
 24  0           50  0           76  2.66667    102  0
 25  0           51 47           77 70          103  0
 26  0           52  0           78 26          104  0
;

